# 32x32 sprite
11111111111111111111111111111111
11111111111111111111111111111111
11111111111111111111111111111111
11111111111111111111111111111111
11111111111111111111111111111111
11111111211111111111111111111111
11111111111112111111111111111111
11111111111111111111111111111111
21111111111111111111111111111112
11111111111111111111111111111111
11111111111111111111111111111111
11111111111111111111111111111111
11111111111111111111111111111111
11111111111111111111111111111111
11111111111111111111111111111111
11111111111111111121111111111111
11111111111111111111111111111111
11111111111111111111111111111111
11111111111111111111111111111111
11111211111111111111111111111111
11111111111111111111111111111111
11111111111111111111111111111111
11111111111111111111111111111111
11111111111111111111111111111111
11111111111111111111111111111111
11111111111111111111111111111111
11111111111111111111111111111111
11111111111111111111111111111111
11111111111111111111111111111111
11111121111111111111111111111111
11111111111111111111111111111111
11111111111111111111111111111111
