# 32x32 sprite
66666666666666666666666666666666
66666666666666666666666666666666
66666666666666666666666666666666
66666666666666666666666666666666
66666666666666666666666666666666
66666666666666666666666666666666
66666666666666666666666666666666
66666666666666666666666666666665
56666666666666666666666666666655
66666666666666666666666666666665
66666666666666666666666666666666
66666666666666666666666666666666
66666666666666666666666666666666
66666666666666666666666666666666
66666666666666666666666666666666
66666666666666666666666666666666
66666666666666666666666666666666
66666666666666666666666666666666
66666666666666666666666666666666
66666666666666666666666666666666
66666666666666666666666666666666
66666666666666666666666666666666
66666666666666666666666666666666
66666666666666666666666666666666
66666666666666666666666666666666
66666666666666666666666666666665
66666666666666666666666666666666
66666666666666666666666666666666
66666666666666666666666666666666
66666666666666666666666666666666
66666666666666666666666666666666
66666666666666666666666666666666
