# 32x32 sprite
43454334453443454435434434534344
43445344344543344544334544433454
54344433454444533444454334445444
44433454445344444335444454334453
33445444334544534444334454443444
44453434444534344453443453443454
45444435344444435344444343454444
43345444433445444453344444334544
44444533444544433454445334444453
53434444453434544443345444534344
44445433444445343345444445343444
33454444533444445443345444453434
44443345444433454444454334444453
45444445343444445343454444453434
43345444444334454444443345444443
44445343454444534344544445343445
53434444445343444445343444445343
44445433444445343445444445343444
43345444454334444433454444534344
44443345444443344544443345444443
53434444453434444445343444445343
44445433444454334454444453434445
33454444334544445343445444453434
44445343444445343444443345444443
45434444453434444453434444453434
44445433444543344544445343445444
33454444334544444334454444433454
44445343444445343444443345444443
53434444543344444534344444534344
44444334544453434454444453434445
43345444443345444444334544444334
44445343444445343445444453434445
