# 32x32 sprite
22232232322223322233222332223223
23322222332223322223322233222233
32223322322223332222223322322233
22332222233222222332222223322222
33222223322233222332223322223322
22233222223332222223332222223332
22332222233222233222222233222233
33222332232223322222332223322322
22223322222332222332222332222233
23222332222332223322223322223322
22332222332222332222332222332222
33222223322233222233222223322233
22233222222332222223332222223322
22332222332232222332222223322322
33222233222223322223322223322233
22332222332222223322223322222233
23222332222233222233222233222332
22223322233322222233222332222223
23322223322223322222332222223322
33222223322332222332222233223322
22233222222332222223332222223322
22332222332222332222223322222332
33222333222222332222233222332222
22332222233222233222223322222332
23322332222223322223322332222233
22223322222332222332222233222233
33222233222233222222332222332222
22332222233222233222223322223322
23222233222222332223322223322233
22233222223322222332222233222223
33222222332222223322222233222222
22233222223322222332222233222233
