# 32x32 sprite
33333333433333333334333333343333
33433333333334433333333343333334
33333344333333333343333333433333
33333333443333333333343333333333
33433333333334333333333334333343
33333334333333333334333433333333
34333333333333443333333333343333
33333343333333334333333333333334
23333333343333333333433333333322
33334333333334333333333433333333
33333333333333333333433333333433
34333433333333433333333333333344
33333333333433333334433333433333
43333333333333333333333433333334
33333433334433343333333333333433
33333333333333333443334333333333
33334333343333333333333333343333
33333333333333433333333433334433
34333333433333333333333333333333
33334433333333344333334333334333
33333333343334333333333333333333
34333333333333333333333334333333
33333333433333333343333333334433
44333333333343333333333344333333
33433333333333433333333333333433
33333333433333333333433333333343
33433333333333433333333334433333
33333333344333334333333333333433
34333333333333333333333433333333
33333443333343333433333333333443
43333333333333333433334333333343
33343333433333333333333334333333
